1.0115215490261713
0.8393523295720419
0.8014055162668228
0.78551311592261
0.7784001559019089
0.7736517906188964
0.7687808007001877
0.7677576988935471
0.7660713026920954
0.7646392703056335
0.763004316886266
0.7632268488407135
0.761265171567599
0.7600854456424713
0.7572689265012741
0.7591172675291697
0.7582785020271937
0.7580897857745489
0.7567065348227818
0.7567608724037806
0.7550023416678111
0.7537081718444825
0.7530937304099401
0.7537617802619934
0.7499798109134038
0.7538006693124771
0.7488921533028284
0.7513124912977218
0.747962032755216
0.7473451981941859
0.7466805766026179
0.7494565308094024
0.7467039525508881
0.7472389717896779
0.7450701256593069
0.7466594348351161
0.7469519535700481
0.7442574749390284
0.7448892295360565
0.7435673415660858
0.7437434802452724
0.741139813264211
0.7426823635896047
0.7415154457092286
0.7427809208631515
0.7399265060822169
0.7417356560627619
0.7372606048981348
0.7398597826560338
0.7378640095392863
0.7403208434581756
0.73346220155557
0.7369648347298304
0.7378380676110585
0.737983113527298
0.7358900447686513
0.7357174028952916
0.736398979028066
0.7341253489255906
0.7335215071837108
0.7344284464915594
0.7353215078512828
0.7324240555365881
0.73423224290212
0.7347196986277899
0.733124150832494
0.731232366959254
0.7293846954902014
0.7307200123866399
0.7320471902688345
0.7316888491312663
0.7324593394994736
0.7324850857257843
0.7312160472075144
0.7292645782232284
0.7283395866552989
0.7286830524603526
0.7278592576583226
0.7284068485101064
0.7266525596380233
0.7256240169207255
0.7275758544603984
0.7287080109119415
0.7283634096384048
0.728974296649297
0.7263219992319743
0.7282741983731588
0.7271016975243886
0.7270466556151708
0.726775414745013
0.7257291088501613
0.7252811700105667
0.7275072187185287
0.7229071676731109
0.7247463891903559
0.7275110214948655
0.7270588705937068
0.7244800339142482
0.7255037566026051
0.7250586261351903
0.7257979641358058
0.7244410087664922
0.7240356028079986
0.7226709365844727
0.7242346554994583
0.7245145271221797
0.7257305214802424
0.7233933657407761
0.7234842042128246
0.7211258729298909
0.7244508147239686
0.7230426609516144
0.720862302184105
0.7228021482626598
0.7224024802446365
0.7216902166604996
0.7225604345401128
0.722234915693601
0.7220329384009043
0.7230167806148529
0.720216245452563
0.723669958114624
0.7215937554836274
0.7230917473634084
0.7200163940588633
0.7207033306360244
0.7212719092766444
0.7234207322200139
0.7190207372109095
0.7203114241361618
0.7217829912900925
0.7201957792043686
0.7213042914867401
0.7218269457419714
0.7217884312073389
0.719479043285052
0.7204741686582565
0.7217252671718597
0.7224355399608612
0.71739229063193
0.7216817567745845
0.7224184254805247
0.7224178036053975
0.722046450773875
0.7220417549212773
0.7214065343141556
0.7202611992756526
0.7211306422948838
0.7188516169786453
0.7205411265293757
0.7198191026846568
0.7219644924004872
0.7192617774009704
0.7189694404602051
0.720240232348442
0.721855279803276
0.7211417804161707
0.7220489303270976
0.720377865433693
0.7188102076450984
0.7193886468807856
0.7210998167594274
0.72189928094546
0.7219093511501948
0.7200477908054987
0.7212399989366531
0.721887257695198
0.7208592136700948
0.7197605967521667
0.7211850980917612
0.7203765153884888
0.7212139974037807
0.7209108004967372
0.7195350627104441
0.7222564389308294
0.718691020210584
0.7216430028279622
0.7188334554433823
0.7214931458234787
0.7223595201969146
0.7221241315205892
0.7201988607645035
0.7188815007607142
0.7211165378491083
0.7200377017259598
0.7211292346318563
0.7204772969086964
0.7211969673633576
0.7215714832146962
0.7222526560227076
0.719094901283582
0.7219065596659978
0.7195116132497787
0.7207265416781108
0.7221585383017858
0.7220337212085723
0.7217600991328558
0.7197412083546321
0.719822229941686
0.7193778087695439
