3.000061333179474
2.185261527697245
2.001137888431549
1.9269805471102397
1.877061168352763
1.8610511700312296
1.8326372067133585
1.815709908803304
1.8038378496964773
1.7917410830656688
1.7909207622210184
1.784226236740748
1.7830991605917612
1.7784536838531495
1.775437303384145
1.7666472812493643
1.761178880929947
1.7637941042582195
1.7567312518755596
1.7510109941164653
1.7501751899719238
1.746766330798467
1.7416203419367473
1.7392221728960673
1.7381089150905609
1.7329823096593222
1.7318875273068746
1.7212070047855377
1.728825290997823
1.720894839366277
1.719222903251648
1.712173052628835
1.705765688419342
1.7087068657080333
1.702444863319397
1.698968897263209
1.6960532625516256
1.700740259885788
1.6891989489396413
1.6902688205242158
1.6839586516221365
1.6843779861927033
1.681914112965266
1.6773121356964111
1.6707696398099263
1.667971396446228
1.6620385686556498
1.668617018063863
1.6604228039582571
1.6616329630215962
1.6464916785558066
1.6541852951049805
1.6516456206639607
1.650077364842097
1.645048685868581
1.6415409127871194
1.6378965457280477
1.6382111271222433
1.6251375496387481
1.6354457914829255
1.626101436217626
1.6264112214247386
1.6207106252511343
1.6197357833385468
1.6148991386095684
1.6155142585436504
1.6037082056204477
1.6075519263744353
1.606771715482076
1.6021294971307118
1.6007213691870372
1.5978189925352733
1.5918759644031524
1.5942769368489584
1.5838248491287232
1.5839852551619211
1.5856452663739522
1.5828879475593567
1.5847814778486888
1.582006824016571
1.5707012216250102
1.574995376666387
1.5603393097718556
1.5682237943013508
1.5635693728923798
1.5615674575169882
1.56189506649971
1.5518403470516204
1.5549372990926107
1.546960679690043
1.5533054093519847
1.54522003531456
1.5408795873324077
1.5461215496063232
1.540215802192688
1.5399974505106608
1.5312224745750427
1.5358476837476094
1.5341687659422556
1.531161477168401
1.522338769833247
1.5189436892668406
1.5261450330416362
1.5240875919659933
1.517198085784912
1.513201113541921
1.5146825671195985
1.5137258688608806
1.5095052063465118
1.506803184747696
1.4995512584845225
1.5033072431882222
1.4992740591367086
1.4998597979545594
1.500373105208079
1.4951092541217803
1.48693199356397
1.491633383433024
1.490226831038793
1.481543250878652
1.4829583664735158
1.4776843190193176
1.4753777960936227
1.4785357038180034
1.4779866854349772
1.4696383059024811
1.4725062370300293
1.4652340332667033
1.4716293692588807
1.4647712409496307
1.4665183087189992
1.4577745179335275
1.4572848578294118
1.4585458795229593
1.4530626813570657
1.4511296629905701
1.452641361951828
1.4480976621309916
1.4511274456977845
1.4477335174878438
1.4470574796199798
1.439842939376831
1.4400723000367484
1.4421100080013276
1.4360278209050497
1.439868438243866
1.4296341280142466
1.435338133573532
1.4326420327027638
1.4274691959222159
1.4243605236212413
1.4248990893363953
1.4248318831125895
1.4202939331531526
1.4237012286980948
1.4204558789730073
1.4183792730172475
1.4168592770894368
1.4139709095160167
1.410602831840515
1.4112859785556793
1.4080537259578705
1.4102957546710968
1.4056167900562286
1.403723088900248
1.4022345999876658
1.396733820438385
1.4027090430259705
1.3953796724478404
1.3967445413271586
1.398491084575653
1.3896061579386394
1.386773226658503
1.3877864221731822
1.3936308960119883
1.391978633403778
1.390160991748174
1.3848122517267862
1.3862810870011648
1.3731905659039816
1.3847205579280852
1.3793048977851867
1.381143367290497
1.378460572163264
1.37504092057546
1.3721500356992087
1.3712430755297342
1.370963269472122
1.3675160845120748
1.372276484966278
1.3676676551500957
1.3656230330467225
1.3639465034008027
1.3627830525239308
1.3642824073632558
1.3588969389597574
1.3571073830127716
1.3598550399144491
1.357265261809031
1.3616031308968861
