0.7239535470803579
0.58683855732282
0.5164615233739217
0.496167000134786
0.49019563843806585
0.4838554600874583
0.4751425643761953
0.4729840695858002
0.471557571987311
0.4708129584789276
0.4699867452184359
0.4696559498707453
0.4695016254981359
0.46844507108132044
0.4678685670097669
0.4670424366990725
0.46735641608635586
0.46625488102436063
0.4658464993039767
0.4657038614153862
0.465644434094429
0.4667687644561132
0.46661337018013
0.4649642879764239
0.4662068138519923
0.4671218474706014
0.46618514706691105
0.46626845399538674
0.46529863476753236
0.46435869435469307
0.4629911815126737
0.4643677870432536
0.46592765947182974
0.4647615646322568
0.46513904531796774
0.465581876039505
0.4647639900445938
0.46450187812248867
0.46510040561358135
0.46473295042912166
0.46462015360593795
0.4655706723531087
0.46389386206865313
0.46447403232256573
0.4644572541117668
0.46415820767482124
0.4659480169415474
0.464067904651165
0.4657041837771734
0.46110244989395144
0.46397875746091205
0.46403569281101226
0.46472907811403275
0.4653107593456904
0.4636704425017039
0.4649262100458145
0.464842326939106
0.4630433683594068
0.4649043376247088
0.4647724851965904
0.4651546095808347
0.4646902188658714
0.4655860275030136
0.4649789442618688
0.46445529560248056
0.46292163133621217
0.4650138144691785
0.4650728022058805
0.46582960287729896
0.46284638345241547
0.4651245266199112
0.46512097169955574
0.46519626180330914
0.4644705186287562
0.46488241602977115
0.4626910055677096
0.46374051173528036
0.46387669692436856
0.46533033599456153
0.4649578660726547
0.46428535928328835
0.4634927486379941
