0.29141355454921725
0.15628878604620694
0.08395963134244085
0.0594926233869046
0.05802032423671335
0.05579302594996989
0.0438826750847511
0.04148471491644159
0.04204616326605901
0.035768435709178446
0.0477078303694725
0.0460786767420359
0.04521177115384489
0.05188379106111825
0.039330089010763916
0.042537919152528046
0.04427336489316076
0.041440962406340986
0.04739295759354718
0.03837757781147957
0.05415195267996751
0.03591744985897094
0.03798946873866953
0.03796312450431287
0.04085654302616604
0.035271606204332784
0.026591367687797175
0.02971926872851327
0.031011094915447755
0.03764943272690289
0.03036788915633224
0.03792240357142873
0.025314503067056647
0.03014498041011393
0.026417212226078846
0.02687068879022263
0.0313025316252606
0.03176917493401561
0.021034478369983844
0.025484950031386688
0.019096736362553202
0.02983681493496988
0.02358248181117233
0.022844893572619186
0.026244620661600493
0.01926949136541225
0.01803335442673415
0.021813064359594136
0.017235315282596274
0.022890342160826548
0.01946584658580832
0.02422878712823149
0.02100270064547658
0.023282416217261924
0.02048059313092381
0.017560372409934643
0.01943626268184744
0.018035529492772186
0.020172569905116688
0.025168238375044893
0.019905788656615186
0.021118831216881517
0.02792129391018534
0.021239656109537465
0.022521756868809462
0.021874877564550844
0.01528875445073936
0.017652401731174903
0.024323441239539535
0.024004396416421513
0.017548446361615788
0.020838440037914553
0.021533028800331522
0.019465691273217088
0.017437265360786113
0.017427145219699014
0.016757400141796098
0.022184056766855066
0.019614035575068557
0.019001682466478088
0.019500317142228597
0.02315785087121185
0.018291458269231953
0.01737392041250132
0.015424787232768722
0.018598034082970116
0.021771332780190278
0.01737504181364784
0.01712378525407985
0.016102861016406678
0.015840684965951368
0.020956681719690097
0.019271672588365617
0.0168084958117106
0.01764205731160473
0.019487668644433142
0.024114504999306518
