0.5158260295788447
0.470392137269179
0.4668975293636322
0.46643655399481454
0.4659641111890475
0.46448343644539514
0.46524738470713295
0.46374846398830416
0.4648133307695389
0.46426582932472227
0.46551745881636936
0.46517755289872487
0.46369076520204544
0.46494546383619306
0.46358228772878646
0.465002445379893
0.4639352266987165
0.4644772400458654
0.4649109497666359
0.4654607340693474
0.46388284911712013
0.4635782132546107
0.4651767392953237
0.46624701817830405
0.4639419903357824
0.46418447941541674
0.4645160635312398
0.46242047697305677
0.4657424122095108
0.4646898090839386
0.46489829023679097
0.46515010446310046
0.4641195764144262
0.46560982912778853
0.4642542804280917
0.4645462522904078
0.46619967371225357
0.4638977780938148
0.463806626200676
0.46477999836206435
0.46433410197496416
0.4641491596897443
0.4638518805305163
0.46382221529881157
0.4629708265264829
0.46390268007914226
0.4648194596171379
0.46503515243530275
0.4637214149037997
0.4641029218832652
0.46399936626354854
0.46522092521190644
0.4644748439391454
0.4643283009529114
0.46367977261543275
0.46423021852970126
0.4643191228310267
0.4636206433176994
0.4636693293849627
0.46516464998324714
0.46439717561006544
0.4636155962944031
0.46398678968350093
0.46574940731128056
0.46498353431622186
0.4650912230213483
0.46342369019985197
0.465119077761968
0.4632299323876699
0.46466748068730035
0.4641187831759453
0.4653925135731697
0.4633791446685791
0.4636567989985148
0.4653662949800491
0.46381092419226966
0.4646986121932665
0.4637982149918874
0.46424559553464256
0.4638608117898305
0.464213564991951
0.4639858995874723
0.4642089754343033
0.4648455719153086
0.4620878999431928
0.46502496153116224
0.464805406332016
0.46295515149831773
0.4632283995548884
0.464171169201533
0.4643950670957565
0.46513586888710656
0.46445961644252143
0.46534893264373145
0.46555133958657585
0.46298710306485497
0.4639243190487226
0.4655318021774292
0.46364454279343287
0.4639716655015945
0.4651087472836177
0.4649932339787483
0.464146193365256
0.4632809345920881
0.46506493190924325
0.46510062664747237
0.4649862731496493
0.4654867693781853
0.46391825725634894
0.46532537837823235
0.46444341689348223
0.46473038295904795
0.46306639462709426
0.4638110121091207
0.46524622788031894
0.4653364300727844
0.46330750932296116
0.46356459508339565
0.46375014980634055
0.46384004354476926
0.4629292070865631
0.4656176745891571
0.4653084660569827
0.46295309960842135
0.4635713080565135
0.4640321602423986
0.4649565741419792
