3.1941166202227276
2.902497359116872
2.8196250478426617
2.7891818722089132
2.7612668832143146
2.7504756331443785
2.736366673310598
2.7460959871610005
2.7304848114649456
2.729774264494578
2.714231526851654
2.7185810685157774
2.712101932366689
2.7114635864893595
2.7055699944496157
2.711611278851827
2.695685116449992
2.6955238898595173
2.698081346352895
2.6941464940706887
2.6835796515146892
2.6896769165992738
2.678091311454773
2.679586883385976
2.6757933100064597
2.67059272925059
2.672194989522298
2.657601853211721
2.665534249941508
2.6510200540224713
2.6436116377512615
2.6436807513237
2.6527578353881838
2.6496171673138935
2.6340323726336163
2.6412187099456785
2.6397682627042136
2.636192675431569
2.635431142648061
2.6344019889831545
2.6262752254803976
2.6229859948158265
2.6191555658976235
2.619128954410553
2.6127241770426433
2.612531876564026
2.5989183942476908
2.604973828792572
2.6020535747210185
2.597324275970459
2.6009101112683615
2.591883651415507
2.584688667456309
2.586104901631673
2.5873636484146116
2.5718729734420775
2.576591436068217
2.5684773961702985
2.5763834953308105
2.562814497947693
2.5671986023585003
2.570199147860209
2.549846871693929
2.5658751249313356
2.551712155342102
2.558691143989563
2.5517079552014668
2.552190128962199
2.540157934029897
2.5430400013923644
2.5423247694969175
2.5420685768127442
2.5329066117604575
2.527326738834381
2.532002814610799
2.5262619574864704
2.5301440318425494
2.5244826833407084
2.5246904214223225
2.522914934158325
2.5181508739789327
2.518557107448578
2.516291558742523
2.5135310928026837
2.5101229786872863
2.5091341495513917
2.5092998425165813
2.4994030237197875
2.5019274314244586
2.499904688199361
2.4963865439097086
2.4965787450472514
2.494896825154622
2.487350567181905
2.4781369090080263
2.487757631142934
2.4819090127944947
2.4774459560712176
2.4749303579330446
2.471543622016907
2.4708059946695964
2.4711015383402506
2.473753476142883
2.465480923652649
2.4548038442929587
2.4594837705294292
2.464594384034475
2.4551743149757383
2.4590640306472777
2.4570814847946165
2.4555060505867004
2.456805169582367
2.4425859173138935
2.4484766006469725
2.4447747151056927
2.436078691482544
2.433533751964569
2.44137286345164
2.436711144447327
2.436492109298706
2.4348921298980715
2.4283585508664447
2.4240421374638874
2.418551445007324
2.428318520387014
2.411499639352163
2.416002655029297
2.415090771516164
2.4078269759813944
2.4070466995239257
2.406538224220276
2.404523964722951
2.4095359444618225
2.4085036158561706
2.4050660411516827
2.405115266640981
2.403355352083842
2.4013518770535787
2.3888339082400005
2.3894514878590902
2.3910220861434937
2.386460824807485
2.3961327989896137
2.3845192631085714
2.3815338412920632
2.3854872385660806
2.3814125577608745
2.375882605711619
2.3854567368825275
2.3832929015159605
2.3719377438227336
2.3796315749486285
2.3731704076131184
2.363972043991089
2.3639264702796936
2.372162894407908
2.366332530975342
2.367899998029073
2.3612483223279317
2.3709645946820577
2.3662006775538127
2.3566118677457175
2.360518475373586
2.3572380979855856
2.3504525343577067
2.3541654070218403
2.345221749941508
2.3508163412412006
2.3539742906888326
2.3458954135576886
2.3446242610613504
2.335826071103414
2.343439881006877
2.337865436077118
2.3425302187601726
2.3405425628026326
2.3337336937586466
2.3359537521998086
2.329065223534902
2.323968462149302
2.3309131701787313
2.330412745475769
2.332383135954539
2.325719865163167
2.328109288215637
2.3208050807317098
2.326284674803416
2.329858660697937
2.321384060382843
2.3193959554036456
2.318440063794454
2.3135373473167418
2.3102096994717916
2.3176050782203674
2.311607845624288
2.3102906068166096
2.3103673656781516
2.311358567078908
2.3131717801094056
2.3083019495010375
2.3072231928507487
2.306163402398427
2.307935376962026
2.3071361740430194
2.30432333946228
2.3056910753250124
2.296589398384094
2.300909761587779
2.3011512915293375
2.296201475461324
2.300214143594106
2.3000467578570047
2.2984530568122863
2.284701160589854
2.2965076565742493
2.291038866837819
2.28397779862086
2.2884785095850626
2.2836343248685202
2.2901431798934935
2.295542327562968
2.283564027150472
2.2838632384936015
2.2848500688870748
2.2855049848556517
2.284742796421051
2.287448517481486
2.287484594186147
2.278226598103841
2.2796580314636232
2.2778471946716308
2.2778751174608867
2.275572462876638
2.2840184847513836
2.2748992602030436
2.268944517771403
2.2644233465194703
2.2660072724024456
2.2706780234972634
2.269226821263631
2.27799604733785
2.271227804819743
2.275598879655202
2.268577833970388
2.2702703277269998
2.2687045693397523
2.269702339172363
2.2655925869941713
2.2643518328666685
2.264827768007914
2.2613750020662944
2.2615546067555745
2.254307587941488
2.255338410536448
2.25724702278773
2.2642254710197447
2.2619632760683697
2.2504635055859885
2.254655933380127
2.249349077542623
2.253615399201711
2.25577605565389
2.2583802580833434
2.2473424235979715
2.253115725517273
2.255030330022176
2.2471417744954425
2.251779802640279
2.2510364174842836
2.2422468860944114
2.2466814319292703
2.25187201499939
2.251124656200409
2.246007740497589
2.257566026846568
2.246480818589528
2.254376594225566
2.242454691727956
2.251628847916921
2.2409354050954184
2.2522877931594847
2.2506834864616394
2.24266459941864
2.23922043244044
2.245013948281606
2.2435930808385214
2.247321669260661
2.245639689763387
2.24238787094752
2.2436668157577513
2.2476794997851055
2.2422226627667743
2.2297086199124654
2.245529274145762
2.2398858507474264
2.2420461734135944
2.24142671028773
2.236044931411743
2.2337713758150737
2.238229970137278
2.2364537437756855
2.235336971282959
2.243884551525116
2.2371914704640705
2.241338761647542
2.245237171649933
2.2332931677500407
2.2418743054072063
2.2380664666493733
2.234648601214091
2.233158485094706
2.234453769524892
2.2390314380327863
2.2392316540082295
2.2291250983874003
2.231897445519765
2.2317173719406127
2.243665556112925
2.240631675720215
2.2434836546579997
2.2328437328338624
2.2368221720059713
2.2321504672368366
2.237005619208018
2.239208471775055
2.236274222532908
2.232019289334615
2.2361591696739196
2.2323294719060263
2.2324293216069537
2.2261943380037943
2.2384311318397523
2.229627557595571
2.2316293557484945
2.2297608256340027
2.233444881439209
2.2344156304995217
2.239411516984304
2.234906001885732
2.223872669537862
2.229482837518056
2.236100653807322
2.2332136750221254
2.235740371545156
2.2280781507492065
2.232390248775482
2.2373347759246824
2.23167005777359
2.238177680969238
2.2346736907958986
2.2284390767415365
2.2362732728322348
2.2320762515068053
2.228055246671041
2.229904882113139
2.232693974177043
2.2188541611035664
2.233880623181661
2.233318305015564
2.228034865856171
2.2310404499371845
2.2359055161476133
2.2279605825742084
2.2379093448321026
2.229324801762899
2.232971175511678
2.231708598136902
2.2371140519777932
2.2256433884302775
2.227842215696971
2.233807611465454
2.2393436431884766
2.230077528953552
2.236202081044515
2.232656768957774
2.2371548811594644
2.225490125020345
2.2243319431940716
2.2312125682830812
2.2233923077583313
2.2333505352338157
