2.6954373637835185
2.3688173294067383
2.140542685985565
2.029544754823049
1.9681295454502106
1.9194827477137248
1.8683512886365254
1.8478851834932963
1.8366453846295674
1.8191841463247935
1.790159773826599
1.778708126147588
1.771493101119995
1.758312851190567
1.7519760966300963
1.7319130102793376
1.7231289466222128
1.7081948260466258
1.6932049969832101
1.6901142994562786
1.6639925062656402
1.655454409122467
1.6397080361843108
1.6228072663148245
1.6096578776836394
1.6004805664221446
1.5865021407604218
1.582988824446996
1.5595977505048115
1.5562708000342051
1.5435140192508698
1.5316179553667704
1.5253175973892212
1.5105733176072438
1.4977604269981384
1.4904846926530202
1.4911381562550863
1.4805123190085092
1.4746364255746205
1.4702100972334544
1.4624280869960784
1.4565614183743796
1.452720938126246
1.4455158750216166
1.4362520217895507
1.4361978948116303
1.427453992764155
1.422941396633784
1.4208850800991057
1.4166683236757913
1.4069791714350381
1.4052189648151399
1.402542914946874
1.3945440749327342
1.3993152379989624
1.396619164943695
1.3941726088523865
1.386099374294281
1.3892629146575928
1.3785159587860107
1.3848716656366984
1.3825825969378154
1.3753436704476674
1.3722292562325795
1.367913395166397
1.3649983445803324
1.3688787400722504
1.3675112545490264
1.360156395037969
1.3624276101589203
1.353732975323995
1.3596914768218995
1.3547358055909475
1.3546706636746724
1.351028045018514
1.3501370906829835
1.3482119242350261
1.3434500674406686
1.3482394099235535
1.33600461880366
1.343234117825826
1.3379555463790893
1.3380611995855967
1.332313491900762
1.3348629494508109
1.3328311125437418
1.3323786834875742
1.3277236064275106
1.3350461701552072
1.3323643823464713
1.3273292263348897
1.3279624044895173
1.3339328269163768
1.3218890349070231
1.3253847062587738
1.32681715687116
1.3254774908224742
1.321430214246114
1.326381007830302
1.322292963663737
1.315852653980255
1.3221088866392772
1.3174618323644003
1.3170266886552175
1.3187060753504436
1.3149040639400482
1.3150413433710735
1.3115790863831838
1.3140415529410043
1.3140881876150767
1.3142196873823802
1.3148568272590637
1.3118190189202628
1.3171104391415913
1.3184293647607168
1.3103643516699472
1.3086321194966635
1.311524478594462
1.3118796050548553
1.3075645526250204
