0.5737406065066656
0.5348537494738896
0.522849918405215
0.5064916079243024
0.49573488483826317
0.4867725695172946
0.48436391800642015
0.47862991789976755
0.47448758631944654
0.472607858479023
0.4725551416476568
0.47265431135892866
0.47102775424718857
0.4678987950086594
0.46947469264268876
0.4680989558498065
0.46954485376675925
0.4658370057741801
0.46773709952831266
0.4676201090216637
0.4666458606719971
0.46745741963386533
0.4681639755765597
0.46529919654130936
0.4663540989160538
0.46653195669253666
0.46435742179552714
0.46745894054571785
0.4640295391281446
0.4654050514101982
0.4632602239648501
0.46446877866983416
0.46578233142693837
0.46569181780020397
0.46582643737395607
0.4662199219067891
0.46555544932683307
0.4637373944123586
0.46478590816259385
0.465071547528108
0.46457116504510243
0.4649491821726163
0.46479417035977044
0.46601992348829907
0.4636916324496269
0.4650759463508924
0.46643816977739333
0.4638219912846883
0.4648840770125389
0.4638039877017339
0.4633518487215042
0.4650875220696131
0.464000795284907
0.4655531386534373
0.46532192826271057
0.46415444364150366
0.46445887088775634
0.46492252002159756
0.4647094195087751
0.46557525942722955
0.4630718434850375
0.465423313776652
0.464455017944177
0.46363087445497514
0.46557416518529254
0.4635222221414248
0.4653200775384903
0.4652451460560163
0.46567067156235376
0.46465602815151213
0.4656614695986112
0.4654312014579773
0.4657192458709081
0.4649434551596642
0.4632851555943489
0.4640922407309214
0.4639497295022011
0.46415976583957674
0.4646405726671219
0.4643227179845174
0.4648527423540751
0.4647666881481806
0.46534039030472435
0.465347920358181
0.4647988776365916
0.46244010627269744
0.4652179504434268
0.4632542793949445
0.4641567791501681
0.46549279590447745
0.46459315717220306
0.4635144387682279
0.46424971719582875
0.463882785042127
0.46471524188915886
0.46369445075591403
0.4638928676644961
0.4647499218583107
0.464372755587101
0.4639742225408554
0.4627592126528422
0.4654001678029696
0.46483198006947835
0.46404620657364526
0.46354666848977405
0.463675893843174
0.46463740269343057
0.46527374039093655
0.4638189375400543
0.4632072240114212
0.46415635496377944
0.4651180535554886
0.46333887775739035
0.4633234033981959
0.4651964912811915
0.46446061283349993
0.4637658029794693
0.46429928789536157
0.4652663896481196
0.46358153571685157
0.4641215403874715
0.46481348425149915
0.46440984308719635
0.463120004038016
0.4663414239883423
0.46451044231653216
0.4632513985037804
