2.000149710973104
1.7751710871855417
1.7354849835236867
1.7147327582041423
1.69856200615565
1.7017705063025157
1.6981962382793427
1.6941492994626364
1.6923851033051809
1.6948544919490813
1.689087023337682
1.6889725744724273
1.6867004732290904
1.6836308697859446
1.6886259098847707
1.682959262530009
1.683122318983078
1.6788516223430634
1.679337195555369
1.6832282960414886
1.6797260681788126
1.6784212410449981
1.6781781057516734
1.676590915520986
1.6774892648061117
1.673238064845403
1.6714448054631552
1.6732352991898856
1.6723829706509907
1.6641039113203684
1.6686909774939218
1.6712142050266265
1.6709277828534443
1.6662947475910186
1.675914986928304
1.672159085671107
1.6752050360043844
1.6682365616162618
1.6727128624916077
1.6668889582157136
1.6739176472028097
1.6657335062821705
1.675620013475418
1.671198950211207
1.6729016661643983
1.6677941501140594
1.6737495760122936
1.6649416446685792
1.6747229437033335
1.6704570591449737
1.674255722761154
1.672123916943868
1.6704417963822682
1.6717010219891866
1.6677648961544036
1.6646260221799214
1.6658767183621725
1.6705960988998414
1.6776517391204835
1.6765590727329254
1.6696372091770173
1.671899922688802
1.6703540503978729
1.6676295439402262
1.668561182419459
1.6686825354894002
1.663790895541509
1.6768379211425781
1.6753775040308634
1.6742510139942168
1.6670084218184154
1.667221772670746
1.6695942461490632
1.6713715155919393
1.6659580926100412
1.6733884950478872
1.6682562053203582
1.6708383957544963
1.66484734416008
1.6705114285151164
1.6677506466706593
1.6670036673545838
1.6691390335559846
1.6698123872280122
1.6764492829640707
1.668642944097519
1.6726622919241587
1.672696985801061
1.6695428411165874
1.6689531882603963
1.6698278804620108
1.6739237507184346
1.6672111690044402
1.6708315014839172
1.6658233324686686
1.66748695174853
1.669150318702062
1.6713291525840759
1.669415819644928
1.6686115523179372
1.674348763624827
1.6701627910137176
1.673107902208964
1.6629124244054159
1.6707878847916922
1.666504309574763
1.6669454058011373
1.6698551456133524
1.6719975193341574
1.6690547923247019
1.6673116167386373
1.6749158362547556
1.6697980483373007
1.6687344849109649
1.6685039301713307
1.6732238511244455
1.668785854180654
1.6707751870155334
1.6676723877588908
1.6714315315087636
1.672955455382665
1.6737257679303488
1.6643772800763448
1.6693829894065857
1.6697697023550668
1.6678138613700866
1.669528349240621
1.6662630101044973
1.6695888141791027
1.6643686532974242
1.667600138982137
1.6743515412012735
1.6711523453394572
