1.524860546986262
1.490497257312139
1.4737705945968629
1.4559816439946494
1.4377200265725454
1.4248523394266763
1.414750470717748
1.4060401578744253
1.4027794162432352
1.3983420093854269
1.3943149824937184
1.3890787760416667
1.3861829698085786
1.3857970734437306
1.3817070861657461
1.3819645126660665
1.3804164389769236
1.38052725593249
1.3779012382030487
1.3813009480635325
1.3806515097618104
1.37818430463473
1.3820305665334065
1.3736394385496775
1.3778529047966004
1.377274642388026
1.3843944271405537
1.371751501162847
1.3800185163815817
1.3749390761057536
1.378231225411097
1.378127239147822
1.3806070705254874
1.3796767751375834
1.3797905007998148
1.3801826059818267
1.3800703863302866
1.377167914311091
1.3775273561477661
1.3777394235134124
1.3803199350833892
1.3770088692506155
1.3768060982227326
1.3743200500806172
1.376936278740565
1.3758605122566223
1.3763997375965118
1.3804656823476156
1.3757602532704671
1.3789188047250112
1.3767881055672964
1.376436177889506
1.3724909087022146
1.375794635216395
1.3763266861438752
1.3755962351957958
1.3759761512279511
1.3812325815359752
1.376593432823817
1.3714171449343364
1.377456384897232
1.3776869575182598
